11 //ancho
*
8 //alto
*
1 //hojas de sprites utilizadas Ej: 1,10,3
*
01:1-0 //textura suelo
#
02:1-2 // textura cielo
*
00000000000 // mapa de colisiones
00000000000
00000000000
00000000000
00000000000
11111111111
11111111111
11111111111
*
02 02 02 02 02 02 02 02 02 02 02 //mapa de texturas
02 02 02 02 02 02 02 02 02 02 02
02 02 02 02 02 02 02 02 02 02 02
02 02 02 02 02 02 02 02 02 02 02
02 02 02 02 02 02 02 02 02 02 02
01 01 01 01 01 01 01 01 01 01 01
01 01 01 01 01 01 01 01 01 01 01
01 01 01 01 01 01 01 01 01 01 01
*
0-0//entrada
*
5-5//salida

