22
*
16
*
1
*
00-1-0
#
01-1-1
#
02-1-2
#
03-1-3
#
04-1-4
*
0000000000000000000000
0000000000000000000000
0000000000000000000000
0000000000000000000000
0000000000000000000000
0000000000000000111111
0000000000000001111111
0000000000000011111111
0000000000000111111111
0000000000001111111111
1111111111111111111111
1111111111111111111111
1111111111111111111111
1111111111111111111111
1111111111111111111111
1111111111111111111111
*
04 04 04 04 04 04 04 04 04 04 04 04 04 04 04 04 04 04 04 04 04 04
04 04 04 04 04 04 04 04 04 04 04 04 04 04 04 04 04 04 04 04 04 04
04 04 04 04 04 04 04 04 04 04 04 04 04 04 04 04 04 04 04 04 04 04
04 04 04 04 04 04 04 04 04 04 04 04 04 04 04 04 04 04 04 04 04 04
04 04 04 04 04 04 04 04 04 04 04 04 04 04 04 04 04 04 04 04 04 04
04 04 04 04 04 04 04 04 04 04 04 04 04 04 04 04 00 00 00 00 00 00
04 04 04 04 04 04 04 04 04 04 04 04 04 04 04 00 02 02 02 02 02 02
04 04 04 04 04 04 04 04 04 04 04 04 04 04 00 02 02 02 02 02 02 02
04 04 04 04 04 04 04 04 04 04 04 04 04 00 02 02 02 02 02 02 02 02
01 01 01 01 01 01 01 01 01 01 01 01 00 02 02 02 02 02 02 02 02 02
00 00 00 00 00 00 00 00 00 00 00 00 02 02 02 02 02 02 02 02 02 02
02 02 02 02 02 02 02 02 02 02 02 02 02 02 02 02 02 02 02 02 02 02
02 02 02 02 02 02 02 02 02 02 02 02 02 02 02 02 02 02 02 02 02 02
02 02 02 02 02 02 02 02 02 02 02 02 02 02 02 02 02 02 02 02 02 02
02 02 02 02 02 02 02 02 02 02 02 02 02 02 02 02 02 02 02 02 02 02
02 02 02 02 02 02 02 02 02 02 02 02 02 02 02 02 02 02 02 02 02 02

